
availability_365 74
+----------------+
|availability_365|
+----------------+
|296             |
|125             |
|7               |
|51              |
|124             |
|307             |
|334             |
|205             |
|169             |
|272             |
|54              |
|282             |
|15              |
|234             |
|232             |
|155             |
|132             |
|154             |
|317             |
|200             |
+----------------+
only showing top 20 rows

