
host_total_listings_count 1
+-------------------------+
|host_total_listings_count|
+-------------------------+
|7                        |
|51                       |
|15                       |
|11                       |
|29                       |
|42                       |
|112                      |
|73                       |
|64                       |
|3                        |
|59                       |
|8                        |
|28                       |
|22                       |
|16                       |
|0                        |
|47                       |
|110                      |
|43                       |
|5                        |
+-------------------------+
only showing top 20 rows

