
maximum_maximum_nights 2387
+----------------------+
|maximum_maximum_nights|
+----------------------+
|800                   |
|7                     |
|15                    |
|700                   |
|54                    |
|155                   |
|200                   |
|11                    |
|1111                  |
|29                    |
|1100                  |
|112                   |
|356                   |
|64                    |
|3                     |
|30                    |
|365                   |
|1124                  |
|250                   |
|160                   |
+----------------------+
only showing top 20 rows

