
maximum_nights_avg_ntm 27
+----------------------+
|maximum_nights_avg_ntm|
+----------------------+
|360.0                 |
|1.0                   |
|311.1                 |
|98.9                  |
|29.4                  |
|30.1                  |
|50.0                  |
|75.0                  |
|22.0                  |
|768.7                 |
|1100.0                |
|65.0                  |
|38.0                  |
|28.7                  |
|90.0                  |
|20.0                  |
|710.9                 |
|30.9                  |
|15.0                  |
|45.0                  |
+----------------------+
only showing top 20 rows

