
minimum_nights_avg_ntm 1
+----------------------+
|minimum_nights_avg_ntm|
+----------------------+
|10.7                  |
|1.0                   |
|360.0                 |
|20.5                  |
|72.9                  |
|2.6                   |
|26.5                  |
|3.1                   |
|29.4                  |
|89.2                  |
|84.0                  |
|17.1                  |
|26.7                  |
|4.2                   |
|45.6                  |
|50.0                  |
|75.0                  |
|22.0                  |
|65.0                  |
|90.0                  |
+----------------------+
only showing top 20 rows

