
minimum_minimum_nights 5
+----------------------+
|minimum_minimum_nights|
+----------------------+
|7                     |
|15                    |
|700                   |
|200                   |
|11                    |
|29                    |
|356                   |
|3                     |
|30                    |
|365                   |
|8                     |
|28                    |
|22                    |
|85                    |
|35                    |
|183                   |
|188                   |
|96                    |
|5                     |
|31                    |
+----------------------+
only showing top 20 rows

