
number_of_reviews_ltm 1828
+---------------------+
|number_of_reviews_ltm|
+---------------------+
|7                    |
|51                   |
|15                   |
|54                   |
|11                   |
|29                   |
|69                   |
|42                   |
|112                  |
|64                   |
|3                    |
|30                   |
|34                   |
|59                   |
|8                    |
|22                   |
|28                   |
|85                   |
|16                   |
|35                   |
+---------------------+
only showing top 20 rows

