
number_of_reviews 74
+-----------------+
|number_of_reviews|
+-----------------+
|296              |
|125              |
|7                |
|51               |
|124              |
|307              |
|169              |
|272              |
|15               |
|54               |
|234              |
|154              |
|11               |
|101              |
|323              |
|138              |
|361              |
|29               |
|69               |
|42               |
+-----------------+
only showing top 20 rows

