
reviews_per_month 2498
+-----------------+
|reviews_per_month|
+-----------------+
|0.55             |
|4.13             |
|2.43             |
|0.07             |
|1.19             |
|4.33             |
|4.96             |
|5.78             |
|2.78             |
|2.20             |
|3.04             |
|4.48             |
|1.30             |
|0.75             |
|5.00             |
|1.53             |
|0.59             |
|2.49             |
|0.32             |
|1.38             |
+-----------------+
only showing top 20 rows

